BTC,USD,2203.06
